5
00120500
00120501
00120502
00120503
00120504
16
00120505
00120506
00120571
00120572
00120573
00120574
00120575
00120576
00120577
00120578
00120579
0012057A
0012071F
00120720
00120721
00120722
2
00120507
00120508
1
02000000
2
00120509
0012050A
1
0012050B
3
00120716
0012050E
0012050F
3
00120511
00120717
00120718
4
0012057B
0012057C
0012057D
0012057E
4
00120719
0012058D
00120580
00120581
2
00120582
00120583
2
00120719
00120580
1
00120584
2
00120582
00120585
2
00120586
00120587
1
00120588
3
00120589
0012058A
0012058B
1
0012058C
1
0012071B
1
0012071C
1
0012071D
1
0012071E
8
00120512
00120513
00120514
00120515
00120516
00120517
00120518
00120519
1
01000009
0
10
0012051A
0012051B
0012051C
0012051D
0012051E
0012051F
00120520
00120521
00120522
00120523
1
03000904
4
00120524
00120525
00120526
00120741
11
00120527
00120528
00120529
0012052A
0012052B
0012058E
0012058F
00120590
00120591
0012052C
0012052D
9
0012052E
0012052F
00120530
00120531
00120532
00120533
00120534
00120535
00120536
4
00120537
00120538
00120539
0012053A
55
00120592
00120593
00120594
00120595
00120596
00120597
00120598
00120599
0012059A
0012059B
0012059C
0012059D
0012059E
0012059F
001205A0
001205A1
001205A2
001205A3
001205A4
001205A5
001205A6
001205A7
001205A8
001205A9
001205AA
001205AB
001205AC
001205AD
001205AE
001205AF
001205B0
001205B1
001205B2
001205B3
001205B4
001205B5
001205B6
001205B7
001205B8
001205B9
001205BA
001205BB
001205BC
001205BD
001205BE
001205BF
001205C0
001205C1
001205C2
001205C3
001205C4
001205C5
001205C6
001205C7
001205C8
35
001205C9
001205CA
001205CB
001205CC
001205CD
001205CE
001205CF
001205D0
001205D1
001205D2
001205D3
001205D4
001205D5
001205D6
001205D7
001205D8
001205D9
001205DA
001205DB
001205DC
001205DD
001205DE
001205DF
001205E0
001205E1
001205E2
001205E3
001205E4
001205E5
001205E6
001205E7
001205E8
001205E9
001205EA
001205EB
72
001205EC
001205ED
001205EE
001205EF
001205F0
001205F1
001205F2
001205F3
001205F4
001205F5
001205F6
001205F7
001205F8
001205F9
001205FA
001205FB
001205FC
001205FD
001205FE
001205FF
00120600
00120601
00120602
00120603
00120604
00120605
00120606
00120607
00120608
00120609
0012060A
0012060B
0012060C
0012060D
0012060E
0012060F
00120610
00120611
00120612
00120613
00120614
00120615
00120616
00120617
00120618
00120619
0012061A
0012061B
0012061C
0012061D
0012061E
0012061F
00120620
00120621
00120622
00120623
00120624
00120625
00120626
00120627
00120628
00120629
0012062A
0012062B
0012062C
0012062D
0012062E
0012062F
00120630
00120631
00120632
00120633
12
00120634
00120635
00120636
00120637
00120638
00120639
0012063A
0012063B
0012063C
0012063D
0012063E
0012063F
1
00120640
13
00120641
00120642
00120643
00120644
00120645
00120646
00120647
00120648
00120649
0012064A
0012064B
0012064C
0012064D
5
0012064E
0012064F
00120650
00120651
00120652
17
00120653
00120654
00120655
00120656
00120657
00120658
00120659
0012065A
0012065B
0012065C
0012065D
0012065E
0012065F
00120660
00120661
00120662
00120663
27
00120664
00120665
00120666
00120667
00120668
00120669
0012066A
0012066B
0012066C
0012066D
0012066E
0012066F
00120670
00120671
00120672
00120673
00120674
00120675
00120676
00120677
00120678
00120679
0012067A
0012067B
0012067C
0012067D
0012067E
5
0012067F
00120680
00120681
00120682
00120683
4
00120684
00120685
00120686
00120687
12
00120688
00120689
0012068A
0012068B
0012068C
0012068D
0012068E
0012068F
00120690
00120691
00120692
00120693
6
00120694
00120695
00120696
00120697
00120698
00120699
18
0012069A
0012069B
0012069C
0012069D
0012069E
00120653
00120654
00120655
00120656
00120657
0012065D
0012065E
0012069F
0012065F
001206A0
00120662
00120663
001206A1
13
0012067F
001206A2
00120680
001206A3
00120681
001206A4
00120682
001206A5
001206A6
001206A7
001206A8
00120683
001206A9
1
001206AA
14
001206AB
00120688
0012068A
0012068C
0012068E
00120690
00120691
00120692
00120693
001206AC
001206AD
001206AE
001206AF
001206B0
13
001206B1
001206B2
001206B3
001206B4
001206B5
001206B6
001206B7
001206B8
001206B9
001206BA
001206BB
001206BC
001206BD
6
001206BE
001206BF
001206C0
001206C1
001206C2
001206C3
27
001206C4
001206C5
001206C6
001206C7
001206C8
001206C9
001206CA
001206CB
001206CC
001206CD
001206CE
001206CF
001206D0
001206D1
001206D2
001206D3
001206D4
001206D5
001206D6
001206D7
001206D8
001206D9
001206DA
001206DB
001206DC
001206DD
001206DE
3
001206DF
001206E0
001206E1
17
001206E2
001206E3
001206E4
001206E5
001206E6
001206E7
001206E8
001206E9
001206EA
001206EB
001206EC
001206ED
001206EE
001206EF
001206F0
001206F1
001206F2
12
001206F3
001206F4
001206F5
001206F6
001206F7
001206F8
001206F9
001206FA
001206FB
001206FC
001206FD
001206FE
20
001206FF
00120700
00120701
00120702
00120703
00120704
00120705
00120706
00120707
00120708
00120709
0012070A
0012070B
0012070C
0012070D
0012070E
0012070F
00120710
00120711
00120712
4
00120713
00120714
00120715
0012071A
19
00120723
00120724
00120725
00120726
00120727
00120728
00120729
0012072A
0012072B
0012072C
0012072D
0012072E
0012072F
00120730
00120731
00120732
00120733
00120734
00120735
1
00120736
7
00120737
00120738
00120739
0012073A
0012073B
0012073C
0012073D
2
0012073E
0012073F
1
01000001
1
01000002
1
01000003
1
01000004
1
01000005
1
01000006
1
01000007
1
01000008
0
1
03000A00
7
0012053E
0012053F
00120540
00120544
00120541
00120542
00120543
3
0012053E
0012053F
00120540
3
0012053E
0012053F
00120544
5
0012053E
0012053F
00120544
00120542
00120545
9
0012053E
00120546
0012053F
00120540
00120544
00120541
00120542
00120545
00120543
6
0012053E
0012053F
00120540
00120544
00120541
00120542
5
0012053E
0012053F
00120544
00120542
00120545
1
0012053F
1
0012053F
0
1
04000005
1
04000006
1
04000007
1
04000008
1
00000000
1
00000000
1
00000000
1
00000000
1
00000000
1
00000000
1
00000000
1
00000000
1
00000000
1
00000000
1
00000000
1
00000000
1
00000000
1
00000000
1
00000000
1
00000000
1
00000000
1
00000000
1
00000000
1
00000000
1
00000000
1
00000000
1
00000000
1
00000000
1
00000000
1
00000000
1
00000000
1
00000000
1
00000000
1
00000000
1
00000000
1
00000000
1
00000000
1
00000000
1
00000000
1
00000000
1
00000000
1
00000000
1
00000000
1
00000000
1
00000000
1
00000000
1
00000000
1
00000000
1
00000000
1
00000000
1
00000000
1
00000000
1
00000000
1
00000000
1
00000000
1
00000000
1
00000000
1
00000000
1
00000000
1
00000000
1
00000000
1
00000000
1
00000000
1
00000000
1
00000000
1
00000000
1
00000000
1
00000000
1
00000000
1
00000000
1
00000000
1
00000000
1
00000000
1
00000000
1
00000000
1
00000000
1
00000000
1
00000000
1
00000000
1
00000000
1
00000000
1
00000000
1
00000000
1
00000000
1
00000000
1
00000000
1
00000000
1
00000000
1
00000000
1
00000000
1
00000000
1
00000000
1
00000000
1
00000000
1
00000000
1
00000000
1
00000000
1
00000000
1
00000000
1
00000000
1
00000000
1
00000000
1
00000000
1
00000000
1
00000000
1
00000000
1
00000000
1
00000000
1
00000000
1
00000000
1
00000000
1
00000000
1
00000000
1
00000000
1
00000000
1
00000000
1
00000000
1
00000000
1
00000000
1
00000000
1
00000000
1
00000000
1
00000000
1
00000000
1
00000000
1
00000000
1
00000000
1
00000000
1
00000000
1
00000000
1
00000000
1
00000000
1
00000000
1
00000000
1
00000000
1
00000000
1
00000000
1
00000000
1
00000000
1
00000000
1
00000000
1
00000000
1
00000000
1
00000000
1
00000000
1
00000000
1
00000000
1
00000000
1
00000000
1
00000000
1
00000000
1
00000000
1
00000000
1
00000000
1
00000000
1
00000000
1
00000000
1
00000000
1
00000000
1
00000000
1
00000000
1
00000000
1
00000000
1
00000000
1
00000000
1
00000000
1
00000000
1
00000000
1
00000000
1
00000000
1
00000000
1
00000000
1
00000000
1
00000000
1
00000000
1
00000000
1
00000000
1
00000000
1
00000000
1
00000000
1
00000000
1
00000000
1
00000000
1
00000000
1
00000000
1
00000000
1
00000000
1
00000000
1
00000000
1
00000000
1
00000000
1
00000000
1
00000000
1
00000000
1
00000000
1
00000000
1
00000000
1
00000000
1
00000000
1
00000000
1
00000000
1
00000000
1
00000000
1
00000000
1
00000000
1
00000000
1
00000000
1
00000000
1
00000000
1
00000000
1
00000000
1
00000000
1
00000000
1
00000000
1
00000000
1
00000000
1
00000000
1
00000000
1
00000000
1
00000000
1
00000000
1
00000000
1
00000000
1
00000000
1
00000000
1
00000000
1
00000000
1
00000000
1
00000000
1
00000000
1
00000000
1
00000000
1
00000000
1
00000000
1
00000000
1
00000000
1
00000000
1
00000000
1
00000000
1
00000000
1
00000000
1
00000000
1
00000000
1
00000000
1
00000000
1
00000000
1
00000000
1
00000000
1
00000000
1
00000000
1
00000000
1
00000000
1
00000000
1
00000000
1
00000000
1
00000000
1
00000000
1
00000000
1
00000000
1
00000000
1
00000000
1
00000000
1
00000000
1
00000000
1
00000000
1
00000000
1
00000000
1
00000000
1
00000000
1
00000000
1
00000000
1
00000000
1
00000000
1
00000000
1
00000000
1
00000000
1
00000000
1
00000000
1
00000000
1
00000000
1
00000000
1
00000000
1
00000000
1
00000000
1
00000000
1
00000000
1
00000000
1
00000000
1
00000000
1
00000000
1
00000000
1
00000000
1
00000000
1
00000000
1
00000000
1
00000000
1
00000000
1
00000000
1
00000000
1
00000000
1
00000000
1
00000000
1
00000000
1
00000000
1
00000000
1
00000000
1
00000000
1
00000000
1
00000000
1
00000000
1
00000000
1
00000000
1
00000000
1
00000000
1
00000000
1
00000000
1
00000000
1
00000000
1
00000000
1
00000000
1
00000000
1
00000000
1
00000000
1
00000000
1
00000000
1
00000000
1
00000000
1
00000000
1
00000000
1
00000000
1
00000000
1
00000000
1
00000000
1
00000000
1
00000000
1
00000000
1
00000000
1
00000000
1
00000000
1
00000000
1
00000000
1
00000000
1
00000000
1
00000000
1
00000000
1
00000000
1
00000000
1
00000000
1
00000000
1
00000000
1
00000000
1
00000000
1
00000000
1
00000000
1
00000000
1
00000000
1
00000000
1
00000000
1
00000000
1
00000000
1
00000000
1
00000000
1
00000000
1
00000000
1
00000000
1
00000000
1
00000000
1
00000000
1
00000000
1
00000000
1
00000000
1
00000000
1
00000000
1
00000000
1
00000000
1
00000000
1
00000000
1
00000000
1
00000000
1
00000000
1
00000000
1
00000000
1
00000000
1
00000000
1
00000000
1
00000000
1
00000000
1
00000000
1
00000000
1
00000000
1
00000000
1
00000000
1
00000000
1
00000000
1
00000000
1
00000000
1
00000000
1
00000000
1
00000000
1
00000000
1
00000000
1
00000000
1
00000000
1
00000000
1
00000000
1
00000000
1
00000000
1
00000000
1
00000000
1
00000000
1
00000000
1
00000000
1
00000000
1
00000000
1
00000000
1
00000000
1
00000000
1
00000000
1
00000000
1
00000000
1
00000000
1
00000000
1
00000000
1
00000000
1
00000000
1
00000000
1
00000000
1
00000000
1
00000000
1
00000000
1
00000000
1
00000000
1
00000000
1
00000000
1
00000000
1
00000000
1
00000000
1
00000000
1
00000000
1
00000000
1
00000000
1
00000000
1
00000000
1
00000000
1
00000000
1
00000000
1
00000000
1
00000000
1
00000000
1
00000000
1
00000000
1
00000000
1
00000000
1
00000000
1
00000000
1
00000000
1
00000000
1
00000000
1
00000000
1
00000000
1
00000000
1
00000000
1
00000000
1
00000000
1
00000000
1
00000000
1
00000000
1
00000000
1
00000000
0
0
0
0
0
0
0
0
0
1
03000000
1
03000001
1
03000002
1
03000003
1
03000004
1
03000005
1
03000006
1
03000100
1
03000101
1
03000102
1
03000200
1
03000201
1
03000203
1
03000300
1
03000301
1
03000303
1
03000305
1
03000307
1
03000400
1
03000408
1
03000401
1
03000402
1
03000403
1
03000404
1
03000405
1
03000407
1
03000406
1
03000500
1
03000501
1
03000502
1
03000503
1
03000504
1
03000505
1
03000600
1
03000601
1
03000603
1
03000605
1
03000607
1
03000701
1
03000801
0
0
0
0
1
1*20*128*8*8*8*0x01234567*0x00001111*5000*400*0x00010001*
1
1*20*256*8*8*8*0x01234567*0x00001111*5000*400*0x00010002*
1
1*20*512*8*8*16*0x01234567*0x00001111*5000*400*0x00010003*
1
1*20*1024*8*8*16*0x01234567*0x00001111*5000*400*0x00010004*
1
1*20*2048*8*8*16*0x01234567*0x00001111*5000*400*0x00010005*
1
1*20*4096*8*16*32*0x01234567*0x00001111*5000*400*0x00010006*
1
1*20*8192*8*16*32*0x01234567*0x00001111*5000*400*0x00010007*
1
1*20*16384*8*16*64*0x01234567*0x00001111*5000*400*0x00010008*
1
1*20*32768*8*16*64*0x01234567*0x00001111*5000*400*0x00010009*
1
1*20*256*8*8*8*0x01234567*0x00001111*5000*400*0x00010010*
1
1*20*512*8*8*8*0x01234567*0x00001111*5000*400*0x00010011*
1
3*40*128*8*8*8*0x01234567*0x00000001*5000*500*0x00020001*
1
3*40*256*8*8*8*0x01234567*0x00000001*5000*500*0x00020002*
1
3*40*512*8*8*8*0x01234567*0x00000001*5000*500*0x00020003*
1
3*40*1024*8*16*32*0x01234567*0x00000001*5000*500*0x00020004*
1
3*40*2048*8*16*32*0x01234567*0x00000001*5000*500*0x00020005*
1
3*40*16384*8*16*64*0x01234567*0x00000001*5000*500*0x00020006*
1
3*40*32768*8*16*64*0x01234567*0x00000001*5000*500*0x00020007*
1
3*40*4096*8*16*32*0x01234567*0x00000001*5000*500*0x00020008*
1
3*40*8192*8*16*32*0x01234567*0x00000001*5000*500*0x00020009*
1
2*60*128*16*6*8*0x01234567*0x10000011*5000*400*0x00030001*
1
2*60*256*8*9*8*0x01234567*0x10000011*5000*400*0x00030002*
1
2*60*512*8*9*8*0x01234567*0x10000011*5000*400*0x00030003*
1
2*60*2048*8*11*8*0x01234567*0x10000011*5000*400*0x00030004*
1
1*21*16*8*8*1*0x01234567*0x00001111*5000*400*0x03010001*
1
1*20*16*8*8*1*0x01234567*0x00001111*5000*400*0x03010002*
1
1*20*16*8*8*1*0x01234567*0x00001111*5000*400*0x03010003*
1
1*20*128*8*8*8*0x01234567*0x00001111*5000*400*0x03010004*
1
1*20*128*8*8*8*0x01234567*0x00001111*5000*400*0x03010005*
1
1*20*128*8*8*8*0x01234567*0x00001111*5000*400*0x03010006*
1
1*20*256*8*8*8*0x01234567*0x00001111*5000*400*0x03010007*
1
1*20*256*8*8*8*0x01234567*0x00001111*5000*400*0x03010008*
1
1*20*256*8*8*8*0x01234567*0x00001111*5000*400*0x03010009*
1
1*20*512*8*8*16*0x01234567*0x00001111*5000*400*0x03010010*
1
1*20*512*8*8*16*0x01234567*0x00001111*5000*400*0x03010011*
1
1*20*512*8*8*16*0x01234567*0x00001111*5000*400*0x03010012*
1
1*20*1024*8*8*16*0x01234567*0x00001111*5000*400*0x03010013*
1
1*20*1024*8*8*16*0x01234567*0x00001111*5000*400*0x03010014*
1
1*20*1024*8*8*16*0x01234567*0x00001111*5000*400*0x03010015*
1
1*20*128*8*8*16*0x01234567*0x00001111*5000*400*0x03010016*
1
1*20*128*8*8*16*0x01234567*0x00001111*5000*400*0x03010017*
1
1*20*128*8*8*16*0x01234567*0x00001111*5000*400*0x03010018*
1
1*20*128*8*8*16*0x01234567*0x00001111*5000*400*0x03010019*
1
1*20*2048*8*8*16*0x01234567*0x00001111*5000*400*0x03010020*
1
1*20*2048*8*8*16*0x01234567*0x00001111*5000*400*0x03010021*
1
1*20*2048*8*8*16*0x01234567*0x00001111*5000*400*0x03010022*
1
1*20*512*8*8*16*0x01234567*0x00001111*5000*400*0x03010023*
1
1*20*512*8*8*16*0x01234567*0x00001111*5000*400*0x03010024*
1
1*20*512*8*8*16*0x01234567*0x00001111*5000*400*0x03010025*
1
1*20*512*8*8*16*0x01234567*0x00001111*5000*400*0x03010026*
1
1*20*4096*8*16*32*0x01234567*0x00001111*5000*400*0x03010027*
1
1*20*4096*8*16*32*0x01234567*0x00001111*5000*400*0x03010028*
1
1*20*4096*8*16*32*0x01234567*0x00001111*5000*400*0x03010029*
1
1*20*4096*8*16*32*0x01234567*0x00001111*5000*400*0x03010030*
1
1*20*8192*8*16*32*0x01234567*0x00001111*5000*400*0x03010031*
1
1*20*8192*8*16*32*0x01234567*0x00001111*5000*400*0x03010032*
1
1*20*8192*8*16*32*0x01234567*0x00001111*5000*400*0x03010033*
1
1*20*8192*8*16*32*0x01234567*0x00001111*5000*400*0x03010034*
1
1*20*16384*8*16*64*0x01234567*0x00001111*5000*400*0x03010035*
1
1*20*16384*8*16*64*0x01234567*0x00001111*5000*400*0x03010036*
1
1*20*16384*8*16*64*0x01234567*0x00001111*5000*400*0x03010037*
1
1*20*16384*8*16*64*0x01234567*0x00001111*5000*400*0x03010038*
1
1*20*16384*8*16*64*0x01234567*0x00001111*5000*400*0x03010039*
1
1*20*32768*8*16*64*0x01234567*0x00001111*5000*400*0x03010040*
1
1*20*32768*8*16*64*0x01234567*0x00001111*5000*400*0x03010041*
1
1*20*32768*8*16*64*0x01234567*0x00001111*5000*400*0x03010042*
1
1*20*32768*8*16*64*0x01234567*0x00001111*5000*400*0x03010043*
1
1*20*65535*8*16*128*0x01234567*0x00001111*5000*400*0x03010044*
1
1*20*65535*8*16*128*0x01234567*0x00001111*5000*400*0x03010045*
1
1*20*65535*8*16*128*0x01234567*0x00001111*5000*400*0x03010046*
1
1*20*65535*8*16*128*0x01234567*0x00001111*5000*400*0x03010047*
1
1*20*131072*8*16*256*0x01234567*0x00001111*5000*400*0x03010048*
1
1*20*131072*8*16*256*0x01234567*0x00001111*5000*400*0x03010049*
1
1*20*131072*8*16*256*0x01234567*0x00001111*5000*400*0x03010050*
1
1*20*131072*8*16*256*0x01234567*0x00001111*5000*400*0x03010051*
1
1*20*131072*8*16*256*0x01234567*0x00001111*5000*400*0x03010052*
1
1*20*131072*8*16*256*0x01234567*0x00001111*5000*400*0x03010053*
1
1*20*131072*8*16*256*0x01234567*0x00001111*5000*400*0x03010054*
1
1*20*262144*8*16*256*0x01234567*0x00001111*5000*400*0x03010055*
1
3*40*128*8*8*8*0x01234567*0x00000001*5000*5000*0x03020001*
1
3*40*128*8*8*8*0x01234567*0x00000001*5000*5000*0x03020002*
1
3*40*128*8*8*8*0x01234567*0x00000001*5000*5000*0x03020003*
1
3*40*256*8*8*8*0x01234567*0x00000001*5000*5000*0x03020004*
1
3*40*256*8*8*8*0x01234567*0x00000001*5000*5000*0x03020005*
1
3*40*256*8*8*8*0x01234567*0x00000001*5000*5000*0x03020006*
1
3*40*512*8*8*8*0x01234567*0x00000001*5000*5000*0x03020007*
1
3*40*512*8*8*8*0x01234567*0x00000001*5000*5000*0x03020008*
1
3*40*512*8*8*8*0x01234567*0x00000001*5000*5000*0x03020009*
1
3*40*1024*8*16*32*0x01234567*0x00000001*5000*5000*0x03020010*
1
3*40*1024*8*16*32*0x01234567*0x00000001*5000*5000*0x03020011*
1
3*40*1024*8*16*32*0x01234567*0x00000001*5000*5000*0x03020012*
1
3*40*2048*8*16*32*0x01234567*0x00000001*5000*5000*0x03020013*
1
3*40*2048*8*16*32*0x01234567*0x00000001*5000*5000*0x03020014*
1
3*40*2048*8*16*32*0x01234567*0x00000001*5000*5000*0x03020015*
1
3*40*4096*8*16*32*0x01234567*0x00000001*5000*5000*0x03020016*
1
3*40*4096*8*16*32*0x01234567*0x00000001*5000*5000*0x03020017*
1
3*40*4096*8*16*32*0x01234567*0x00000001*5000*5000*0x03020018*
1
3*40*8192*8*16*32*0x01234567*0x00000001*5000*5000*0x03020019*
1
3*40*8192*8*16*32*0x01234567*0x00000001*5000*5000*0x03020020*
1
3*40*8192*8*16*32*0x01234567*0x00000001*5000*5000*0x03020021*
1
3*40*16384*8*16*64*0x01234567*0x00000001*5000*5000*0x03020022*
1
3*40*16384*8*16*64*0x01234567*0x00000001*5000*5000*0x03020023*
1
3*40*16384*8*16*64*0x01234567*0x00000001*5000*5000*0x03020024*
1
3*40*32768*8*16*64*0x01234567*0x00000001*5000*5000*0x03020025*
1
3*40*32768*8*16*64*0x01234567*0x00000001*5000*5000*0x03020026*
1
3*40*32768*8*16*64*0x01234567*0x00000001*5000*5000*0x03020027*
1
3*40*65536*8*16*128*0x01234567*0x00000001*5000*5000*0x03020028*
1
3*40*65536*8*16*128*0x01234567*0x00000001*5000*5000*0x03020029*
1
3*40*65536*8*16*128*0x01234567*0x00000001*5000*5000*0x03020030*
1
3*40*65536*8*16*128*0x01234567*0x00000001*5000*5000*0x03020031*
1
3*40*131072*8*24*256*0x01234567*0x00000001*5000*5000*0x03020032*
1
3*40*131072*8*24*256*0x01234567*0x00000001*5000*5000*0x03020033*
1
3*40*131072*8*24*256*0x01234567*0x00000001*5000*5000*0x03020034*
1
3*40*262144*8*24*256*0x01234567*0x00000001*5000*5000*0x03020035*
1
2*60*128*8*7*1*0x01234567*0x10000011*5000*3000*0x03030001*
1
2*60*128*16*6*1*0x01234567*0x10000011*5000*3000*0x03030002*
1
2*60*128*8*7*1*0x01234567*0x10000011*5000*3000*0x03030003*
1
2*60*128*16*6*1*0x01234567*0x10000011*5000*3000*0x03030004*
1
2*60*128*8*7*1*0x01234567*0x10000011*5000*3000*0x03030005*
1
2*60*128*16*6*1*0x01234567*0x10000011*5000*3000*0x03030006*
1
2*60*128*8*7*1*0x01234567*0x10000011*5000*3000*0x03030007*
1
2*60*128*8*7*1*0x01234567*0x10000011*5000*3000*0x03030008*
1
2*60*128*8*7*1*0x01234567*0x10000011*5000*3000*0x03030009*
1
2*60*128*8*7*1*0x23456701*0x10000011*5000*3000*0x03030010*
1
2*60*128*16*6*1*0x23456701*0x10000011*5000*3000*0x03030011*
1
2*60*128*8*7*1*0x23456701*0x10000011*5000*3000*0x03030012*
1
2*60*128*16*6*1*0x23456701*0x10000011*5000*3000*0x03030013*
1
2*60*128*8*7*1*0x23456701*0x10000011*5000*3000*0x03030014*
1
2*60*128*16*6*1*0x23456701*0x10000011*5000*3000*0x03030015*
1
2*60*128*8*7*1*0x23456701*0x10000011*5000*3000*0x03030016*
1
2*60*128*8*7*1*0x23456701*0x10000011*5000*3000*0x03030017*
1
2*60*128*8*7*1*0x23456701*0x10000011*5000*3000*0x03030018*
1
2*60*256*8*9*1*0x01234567*0x10000011*5000*3000*0x03030019*
1
2*60*256*16*8*1*0x01234567*0x10000011*5000*3000*0x03030020*
1
2*60*256*8*9*1*0x01234567*0x10000011*5000*3000*0x03030021*
1
2*60*256*16*8*1*0x01234567*0x10000011*5000*3000*0x03030022*
1
2*60*256*8*9*1*0x01234567*0x10000011*5000*3000*0x03030023*
1
2*60*256*16*8*1*0x01234567*0x10000011*5000*3000*0x03030024*
1
2*60*256*8*9*1*0x01234567*0x10000011*5000*3000*0x03030025*
1
2*60*256*8*9*1*0x01234567*0x10000011*5000*3000*0x03030026*
1
2*60*256*8*9*1*0x01234567*0x10000011*5000*3000*0x03030027*
1
2*60*256*8*9*1*0x23456701*0x10000011*5000*3000*0x03030028*
1
2*60*256*16*8*1*0x23456701*0x10000011*5000*3000*0x03030029*
1
2*60*256*8*9*1*0x23456701*0x10000011*5000*3000*0x03030030*
1
2*60*256*16*8*1*0x23456701*0x10000011*5000*3000*0x03030031*
1
2*60*256*8*9*1*0x23456701*0x10000011*5000*3000*0x03030032*
1
2*60*256*16*8*1*0x23456701*0x10000011*5000*3000*0x03030033*
1
2*60*256*8*9*1*0x23456701*0x10000011*5000*3000*0x03030034*
1
2*60*256*8*9*1*0x23456701*0x10000011*5000*3000*0x03030035*
1
2*60*256*8*9*1*0x23456701*0x10000011*5000*3000*0x03030036*
1
2*60*512*8*9*1*0x01234567*0x10000011*5000*3000*0x03030037*
1
2*60*512*16*8*1*0x01234567*0x10000011*5000*3000*0x03030038*
1
2*60*512*8*9*1*0x01234567*0x10000011*5000*3000*0x03030039*
1
2*60*512*16*8*1*0x01234567*0x10000011*5000*3000*0x03030040*
1
2*60*512*8*9*1*0x01234567*0x10000011*5000*3000*0x03030041*
1
2*60*512*16*8*1*0x01234567*0x10000011*5000*3000*0x03030042*
1
2*60*512*8*9*1*0x01234567*0x10000011*5000*3000*0x03030043*
1
2*60*512*8*9*1*0x01234567*0x10000011*5000*3000*0x03030044*
1
2*60*512*8*9*1*0x01234567*0x10000011*5000*3000*0x03030045*
1
2*60*512*8*9*1*0x23456701*0x10000011*5000*3000*0x03030046*
1
2*60*512*16*8*1*0x23456701*0x10000011*5000*3000*0x03030047*
1
2*60*512*8*9*1*0x23456701*0x10000011*5000*3000*0x03030048*
1
2*60*512*16*8*1*0x23456701*0x10000011*5000*3000*0x03030049*
1
2*60*512*8*9*1*0x23456701*0x10000011*5000*3000*0x03030050*
1
2*60*512*16*8*1*0x23456701*0x10000011*5000*3000*0x03030051*
1
2*60*512*8*9*1*0x23456701*0x10000011*5000*3000*0x03030052*
1
2*60*512*8*9*1*0x23456701*0x10000011*5000*3000*0x03030053*
1
2*60*512*8*9*1*0x23456701*0x10000011*5000*3000*0x03030054*
1
2*60*1024*8*11*1*0x01234567*0x10000011*5000*3000*0x03030055*
1
2*60*1024*16*10*1*0x01234567*0x10000011*5000*3000*0x03030056*
1
2*60*1024*8*11*1*0x01234567*0x10000011*5000*3000*0x03030057*
1
2*60*1024*16*10*1*0x01234567*0x10000011*5000*3000*0x03030058*
1
2*60*1024*8*11*1*0x01234567*0x10000011*5000*3000*0x03030059*
1
2*60*1024*16*10*1*0x01234567*0x10000011*5000*3000*0x03030060*
1
2*60*1024*8*11*1*0x01234567*0x10000011*5000*3000*0x03030061*
1
2*60*1024*8*11*1*0x01234567*0x10000011*5000*3000*0x03030062*
1
2*60*1024*8*11*1*0x01234567*0x10000011*5000*3000*0x03030063*
1
2*60*2048*8*11*1*0x01234567*0x10000011*5000*3000*0x03030064*
1
2*60*2048*16*10*1*0x01234567*0x10000011*5000*3000*0x03030065*
1
2*60*2048*8*11*1*0x01234567*0x10000011*5000*3000*0x03030066*
1
2*60*2048*16*10*1*0x01234567*0x10000011*5000*3000*0x03030067*
1
2*60*2048*8*11*1*0x01234567*0x10000011*5000*3000*0x03030068*
1
2*60*2048*16*10*1*0x01234567*0x10000011*5000*3000*0x03030069*
1
2*60*2048*8*11*1*0x01234567*0x10000011*5000*3000*0x03030070*
1
2*60*2048*8*11*1*0x01234567*0x10000011*5000*3000*0x03030071*
1
2*60*2048*8*11*1*0x01234567*0x10000011*5000*3000*0x03030072*
1
1*20*128*8*8*16*0x01234567*0x00001111*5000*400*0x0A010001*
1
1*20*256*8*8*16*0x01234567*0x00001111*5000*400*0x0A010002*
1
1*20*512*8*8*16*0x01234567*0x00001111*5000*400*0x0A010003*
1
1*20*1024*8*8*16*0x01234567*0x00001111*5000*400*0x0A010004*
1
1*20*2048*8*8*16*0x01234567*0x00001111*5000*400*0x0A010005*
1
1*20*4096*8*16*32*0x01234567*0x00001111*5000*400*0x0A010006*
1
1*20*8192*8*16*32*0x01234567*0x00001111*5000*400*0x0A010007*
1
1*20*16384*8*16*64*0x01234567*0x00001111*5000*400*0x0A010008*
1
1*20*32768*8*16*64*0x01234567*0x00001111*5000*400*0x0A010009*
1
1*20*65536*8*16*128*0x01234567*0x00001111*5000*400*0x0A010010*
1
1*20*131072*8*16*256*0x01234567*0x00001111*5000*400*0x0A010011*
1
1*20*262144*8*16*256*0x01234567*0x00001111*5000*400*0x0A010012*
1
1*20*512*8*8*16*0x01234567*0x00001111*5000*400*0x0A010013*
1
3*40*128*8*8*16*0x01234567*0x00000001*5000*5000*0x0A020001*
1
3*40*256*8*8*16*0x01234567*0x00000001*5000*5000*0x0A020002*
1
3*40*512*8*8*16*0x01234567*0x00000001*5000*5000*0x0A020003*
1
3*40*1024*8*16*32*0x01234567*0x00000001*5000*5000*0x0A020004*
1
3*40*2048*8*16*32*0x01234567*0x00000001*5000*5000*0x0A020005*
1
3*40*4096*8*16*32*0x01234567*0x00000001*5000*5000*0x0A020006*
1
3*40*8192*8*16*32*0x01234567*0x00000001*5000*5000*0x0A020007*
1
3*40*16384*8*16*64*0x01234567*0x00000001*5000*5000*0x0A020008*
1
3*40*32768*8*16*64*0x01234567*0x00000001*5000*5000*0x0A020009*
1
3*40*65536*8*16*128*0x01234567*0x00000001*5000*5000*0x0A020010*
1
3*40*131072*8*24*256*0x01234567*0x00000001*5000*5000*0x0A020011*
1
3*40*262144*8*24*256*0x01234567*0x00000001*5000*5000*0x0A020012*
1
3*40*524288*8*24*256*0x01234567*0x00000001*5000*5000*0x0A020013*
1
2*60*128*8*7*1*0x01234567*0x10000011*5000*2000*0x0A030001*
1
2*60*256*8*9*1*0x01234567*0x10000011*5000*2000*0x0A030002*
1
2*60*512*8*9*1*0x01234567*0x10000011*5000*2000*0x0A030003*
1
2*60*1024*8*11*1*0x01234567*0x10000011*5000*2000*0x0A030004*
1
2*60*2048*8*11*1*0x01234567*0x10000011*5000*2000*0x0A030005*
1
1*20*128*8*8*8*0x01234567*0x00001111*5000*400*0x01010001*
1
1*20*256*8*8*8*0x01234567*0x00001111*5000*400*0x01010002*
1
1*20*512*8*8*16*0x01234567*0x00001111*5000*400*0x01010003*
1
1*20*1024*8*8*16*0x01234567*0x00001111*5000*400*0x01010004*
1
1*20*2048*8*8*16*0x01234567*0x00001111*5000*400*0x01010005*
1
1*20*128*8*8*8*0x01234567*0x00001111*5000*400*0x01010006*
1
1*20*256*8*8*8*0x01234567*0x00001111*5000*400*0x01010007*
1
1*20*512*8*8*16*0x01234567*0x00001111*5000*400*0x01010008*
1
1*20*1024*8*8*16*0x01234567*0x00001111*5000*400*0x01010009*
1
1*20*2048*8*8*16*0x01234567*0x00001111*5000*400*0x01010010*
1
1*20*256*8*8*16*0x01234567*0x00001111*5000*400*0x01010011*
1
1*20*512*8*8*16*0x01234567*0x00001111*5000*400*0x01010012*
1
1*20*4096*8*16*32*0x01234567*0x00001111*5000*400*0x01010013*
1
1*20*4096*8*16*32*0x01234567*0x00001111*5000*400*0x01010014*
1
1*20*8192*8*16*32*0x01234567*0x00001111*5000*400*0x01010015*
1
1*20*16384*8*16*64*0x01234567*0x00001111*5000*400*0x01010016*
1
1*20*32768*8*16*64*0x01234567*0x00001111*5000*400*0x01010017*
1
3*40*128*8*8*16*0x01234567*0x00000001*5000*5000*0x01020001*
1
3*40*256*8*8*16*0x01234567*0x00000001*5000*5000*0x01020002*
1
3*40*512*8*8*16*0x01234567*0x00000001*5000*5000*0x01020003*
1
3*40*1024*8*16*32*0x01234567*0x00000001*5000*5000*0x01020004*
1
3*40*2048*8*16*32*0x01234567*0x00000001*5000*5000*0x01020005*
1
3*40*4096*8*16*64*0x01234567*0x00000001*5000*5000*0x01020006*
1
3*40*8192*8*16*64*0x01234567*0x00000001*5000*5000*0x01020007*
1
3*40*16384*8*16*64*0x01234567*0x00000001*5000*5000*0x01020008*
1
3*40*32768*8*16*64*0x01234567*0x00000001*5000*5000*0x01020009*
1
3*40*128*8*8*16*0x01234567*0x00000001*5000*5000*0x01020010*
1
3*40*256*8*8*16*0x01234567*0x00000001*5000*5000*0x01020011*
1
3*40*512*8*8*16*0x01234567*0x00000001*5000*5000*0x01020012*
1
3*40*1024*8*16*32*0x01234567*0x00000001*5000*5000*0x01020013*
1
3*40*2048*8*16*32*0x01234567*0x00000001*5000*5000*0x01020014*
1
3*40*4096*8*16*64*0x01234567*0x00000001*5000*5000*0x01020015*
1
3*40*8192*8*16*64*0x01234567*0x00000001*5000*5000*0x01020016*
1
3*40*16384*8*16*64*0x01234567*0x00000001*5000*5000*0x01020017*
1
3*40*32768*8*16*64*0x01234567*0x00000001*5000*5000*0x01020018*
1
3*40*128*8*8*16*0x01234567*0x00000001*5000*5000*0x01020019*
1
3*40*256*8*8*16*0x01234567*0x00000001*5000*5000*0x01020020*
1
3*40*512*8*8*16*0x01234567*0x00000001*5000*5000*0x01020021*
1
3*40*1024*8*16*32*0x01234567*0x00000001*5000*5000*0x01020022*
1
3*40*2048*8*16*32*0x01234567*0x00000001*5000*5000*0x01020023*
1
3*40*4096*8*16*64*0x01234567*0x00000001*5000*5000*0x01020024*
1
3*40*8192*8*16*64*0x01234567*0x00000001*5000*5000*0x01020025*
1
3*40*16384*8*16*64*0x01234567*0x00000001*5000*5000*0x01020026*
1
3*40*32768*8*16*64*0x01234567*0x00000001*5000*5000*0x01020027*
1
2*60*128*8*7*1*0x01234567*0x10000011*5000*1000*0x01030001*
1
2*60*256*8*9*1*0x01234567*0x10000011*5000*1000*0x01030002*
1
2*60*256*8*8*1*0x01234567*0x10000011*5000*1000*0x01030003*
1
2*60*512*8*9*1*0x01234567*0x10000011*5000*1000*0x01030004*
1
2*60*2048*8*11*1*0x01234567*0x10000011*5000*1000*0x01030005*
1
2*60*256*8*8*1*0x01234567*0x10000011*5000*1000*0x01030006*
1
2*60*256*8*8*1*0x01234567*0x10000011*5000*1000*0x01030007*
1
2*60*512*8*9*1*0x01234567*0x10000011*5000*1000*0x01030008*
1
2*60*512*8*9*1*0x01234567*0x10000011*5000*1000*0x01030009*
1
1*20*256*8*8*16*0x01234567*0x00001111*5000*400*0x02010001*
1
1*20*256*8*8*16*0x01234567*0x00001111*5000*400*0x02010002*
1
1*20*512*8*8*16*0x01234567*0x00001111*5000*400*0x02010003*
1
1*20*512*8*8*16*0x01234567*0x00001111*5000*400*0x02010004*
1
1*20*1024*8*8*16*0x01234567*0x00001111*5000*400*0x02010005*
1
1*20*1024*8*8*16*0x01234567*0x00001111*5000*400*0x02010006*
1
1*20*2048*8*8*16*0x01234567*0x00001111*5000*400*0x02010007*
1
1*20*2048*8*8*16*0x01234567*0x00001111*5000*400*0x02010008*
1
1*20*4096*8*16*32*0x01234567*0x00001111*5000*400*0x02010009*
1
1*20*8192*8*16*32*0x01234567*0x00001111*5000*400*0x02010010*
1
1*20*16384*8*16*64*0x01234567*0x00001111*5000*400*0x02010011*
1
1*20*32768*8*16*64*0x01234567*0x00001111*5000*400*0x02010012*
1
2*60*32*16*6*1*0x01234567*0x10000011*5000*250*0x02030001*
1
2*60*128*16*6*1*0x01234567*0x10000011*5000*250*0x02030002*
1
2*60*128*16*6*1*0x23456701*0x10000011*5000*250*0x02030003*
1
2*60*512*16*8*1*0x01234567*0x10000011*5000*250*0x02030004*
1
2*60*1024*16*8*1*0x01234567*0x10000011*5000*250*0x02030005*
1
2*60*2048*8*11*1*0x01234567*0x10000011*5000*250*0x02030006*
1
1*20*128*8*8*16*0x01234567*0x00001111*5000*400*0x05010001*
1
1*20*256*8*8*16*0x01234567*0x00001111*5000*400*0x05010002*
1
1*20*512*8*8*16*0x01234567*0x00001111*5000*400*0x05010003*
1
1*20*1024*8*8*16*0x01234567*0x00001111*5000*400*0x05010004*
1
1*20*2048*8*8*16*0x01234567*0x00001111*5000*400*0x05010005*
1
1*20*128*8*8*16*0x01234567*0x00001111*5000*400*0x05010006*
1
1*20*256*8*8*16*0x01234567*0x00001111*5000*400*0x05010007*
1
1*20*512*8*8*16*0x01234567*0x00001111*5000*400*0x05010008*
1
1*20*1024*8*8*16*0x01234567*0x00001111*5000*400*0x05010009*
1
1*20*2048*8*8*16*0x01234567*0x00001111*5000*400*0x05010010*
1
1*20*256*8*8*16*0x01234567*0x00001111*5000*400*0x05010011*
1
1*20*512*8*8*16*0x01234567*0x00001111*5000*400*0x05010012*
1
1*20*128*8*8*16*0x01234567*0x00001111*5000*400*0x05010013*
1
1*20*4096*8*16*32*0x01234567*0x00001111*5000*400*0x05010014*
1
1*20*8192*8*16*32*0x01234567*0x00001111*5000*400*0x05010015*
1
1*20*16384*8*16*64*0x01234567*0x00001111*5000*400*0x05010016*
1
1*20*32768*8*16*64*0x01234567*0x00001111*5000*400*0x05010017*
1
1*20*131072*8*16*256*0x01234567*0x00001111*5000*400*0x05010018*
1
2*60*128*8*7*1*0x01234567*0x10000011*5000*2000*0x05030001*
1
2*60*128*8*7*1*0x23456701*0x10000011*5000*2000*0x05030002*
1
2*60*256*8*9*1*0x01234567*0x10000011*5000*2000*0x05030003*
1
2*60*256*8*9*1*0x23456701*0x10000011*5000*2000*0x05030004*
1
2*60*256*8*8*1*0x01234567*0x10000011*5000*2000*0x05030005*
1
2*60*256*8*8*1*0x23456701*0x10000011*5000*2000*0x05030006*
1
2*60*512*8*9*1*0x01234567*0x10000011*5000*2000*0x05030007*
1
2*60*512*8*9*1*0x23456701*0x10000011*5000*2000*0x05030008*
1
2*60*512*8*9*1*0x01234567*0x10000011*5000*2000*0x05030009*
1
2*60*512*8*9*1*0x23456701*0x10000011*5000*2000*0x05030010*
1
2*60*1024*8*11*1*0x01234567*0x10000011*5000*2000*0x05030011*
1
2*60*2048*8*11*1*0x01234567*0x10000011*5000*2000*0x05030012*
1
2*60*2048*8*11*1*0x23456701*0x10000011*5000*2000*0x05030013*
1
2*60*128*8*9*1*0x01234567*0x10000011*5000*250*0x04030001*
1
1*20*128*8*8*16*0x01234567*0x00001111*5000*1000*0x07010001*
1
1*20*256*8*8*16*0x01234567*0x00001111*5000*1000*0x07010002*
1
1*20*512*8*8*16*0x01234567*0x00001111*5000*1000*0x07010003*
1
1*20*1024*8*8*16*0x01234567*0x00001111*5000*1000*0x07010004*
1
1*20*2048*8*8*64*0x01234567*0x00001111*5000*1000*0x07010005*
1
1*20*4096*8*16*64*0x01234567*0x00001111*5000*1000*0x07010006*
1
1*20*8192*8*16*64*0x01234567*0x00001111*5000*1000*0x07010007*
1
1*20*16384*8*16*64*0x01234567*0x00001111*5000*1000*0x07010008*
1
1*20*32768*8*16*64*0x01234567*0x00001111*5000*1000*0x07010009*
1
1*20*65536*8*16*64*0x01234567*0x00001111*5000*1000*0x07010010*
1
1*20*512*8*8*16*0x01234567*0x00001111*3300*3400*0x07010011*
1
1*20*16384*8*16*64*0x01234567*0x00001111*3300*3400*0x07010012*
1
1*20*32768*8*16*64*0x01234567*0x00001111*3300*3400*0x07010013*
1
1*20*65536*8*16*64*0x01234567*0x00001111*3300*3400*0x07010014*
1
3*40*512*8*8*128*0x01234567*0x00000001*3300*10000*0x07020001*
1
3*40*2048*8*16*256*0x01234567*0x00000001*3300*10000*0x07020002*
1
3*40*8192*8*16*256*0x01234567*0x00000001*3300*10000*0x07020003*
1
3*40*262144*8*24*256*0x01234567*0x00000001*3300*10000*0x07020004*
1
3*40*2048*8*16*256*0x01234567*0x00000001*3300*10000*0x07020005*
1
3*40*16384*8*16*256*0x01234567*0x00000001*3300*10000*0x07020006*
1
3*40*32768*8*16*256*0x01234567*0x00000001*3300*10000*0x07020007*
1
3*40*65536*8*16*256*0x01234567*0x00000001*3300*10000*0x07020008*
1
3*40*131072*8*24*256*0x01234567*0x00000001*3300*10000*0x07020009*
1
3*40*262144*8*24*256*0x01234567*0x00000001*3300*10000*0x07020010*
1
3*40*512*8*8*128*0x01234567*0x00000001*5000*10000*0x07020011*
1
3*40*32768*8*16*256*0x01234567*0x00000001*5000*10000*0x07020012*
1
3*40*8192*8*16*256*0x01234567*0x00000001*5000*10000*0x07020013*
1
1*20*1024*8*8*16*0x01234567*0x00001111*5000*100*0x08010001*
1
1*20*2048*8*8*16*0x01234567*0x00001111*5000*100*0x08010002*
1
1*20*2048*8*8*16*0x01234567*0x00001111*5000*100*0x08010003*
1
1*20*2048*8*8*16*0x01234567*0x00001111*5000*100*0x08010004*
1
1*20*128*8*8*8*0x01234567*0x00001111*5000*100*0x08010005*
1
1*20*4096*8*16*16*0x01234567*0x00001111*5000*100*0x08010006*
1
2*60*128*8*7*1*0x01234567*0x10000001*5000*1000*0x08030001*
1
2*60*256*8*9*1*0x01234567*0x10000001*5000*1000*0x08030002*
1
2*60*512*8*9*1*0x01234567*0x10000001*5000*1000*0x08030003*
1
2*60*1024*8*10*1*0x01234567*0x10000001*5000*1000*0x08030004*
1
2*60*2048*8*11*1*0x01234567*0x10000001*5000*1000*0x08030005*
1
2*60*128*16*6*1*0x23456701*0x10000001*5000*1000*0x08030006*
1
2*60*256*16*8*1*0x23456701*0x10000001*5000*1000*0x08030007*
1
2*60*512*16*8*1*0x23456701*0x10000001*5000*1000*0x08030008*
1
2*60*1024*16*10*1*0x23456701*0x10000001*5000*1000*0x08030009*
1
2*60*2048*16*10*1*0x23456701*0x10000001*5000*1000*0x08030010*
1
2*60*128*16*6*1*0x23456701*0x10000001*5000*1000*0x08030011*
1
2*60*256*16*8*1*0x23456701*0x10000001*5000*1000*0x08030012*
1
2*60*512*16*8*1*0x23456701*0x10000001*5000*1000*0x08030013*
1
2*60*1024*16*10*1*0x23456701*0x10000001*5000*1000*0x08030014*
1
2*60*2048*16*10*1*0x23456701*0x10000001*5000*1000*0x08030015*
2
2*60*128*16*6*1*0x01234567*0x10000001*5000*1000*0x08030016*
2*60*128*16*6*1*0x01234567*0x10000001*5000*1000*0x08030021*
1
2*60*256*16*8*1*0x01234567*0x10000001*5000*1000*0x08030017*
1
2*60*512*16*8*1*0x01234567*0x10000001*5000*1000*0x08030018*
1
2*60*1024*16*10*1*0x01234567*0x10000001*5000*1000*0x08030019*
1
2*60*2048*16*10*1*0x01234567*0x10000001*5000*1000*0x08030020*
1
2*60*256*16*8*1*0x01234567*0x10000001*5000*1000*0x08030022*
1
2*60*512*16*8*1*0x01234567*0x10000001*5000*1000*0x08030023*
1
2*60*1024*16*10*1*0x01234567*0x10000001*5000*1000*0x08030024*
1
2*60*2048*16*10*1*0x01234567*0x10000001*5000*1000*0x08030025*
1
2*60*256*16*8*1*0x01234567*0x10000001*5000*1000*0x08030026*
1
2*60*512*16*8*1*0x01234567*0x10000001*5000*1000*0x08030027*
1
2*60*1024*16*10*1*0x01234567*0x10000001*5000*1000*0x08030028*
1
1*20*256*8*8*8*0x01234567*0x00001111*5000*100*0x06010001*
1
1*20*512*8*8*8*0x01234567*0x00001111*5000*100*0x06010002*
1
1*20*1024*8*8*8*0x01234567*0x00001111*5000*100*0x06010003*
1
1*20*128*8*8*8*0x01234567*0x00001111*5000*100*0x09010001*
1
1*20*256*8*8*8*0x01234567*0x00001111*5000*100*0x09010002*
1
1*20*512*8*8*16*0x01234567*0x00001111*5000*100*0x09010003*
1
1*20*1024*8*8*16*0x01234567*0x00001111*5000*100*0x09010004*
1
1*20*2048*8*8*16*0x01234567*0x00001111*5000*100*0x09010005*
1
1*20*4096*8*16*32*0x01234567*0x00001111*5000*100*0x09010006*
1
1*20*8192*8*16*32*0x01234567*0x00001111*5000*100*0x09010007*
1
1*20*16384*8*16*64*0x01234567*0x00001111*5000*100*0x09010008*
1
1*20*32768*8*16*64*0x01234567*0x00001111*5000*100*0x09010009*
2
1*20*65536*8*16*128*0x01234567*0x00001111*5000*100*0x09010010*
1*20*131072*8*16*256*0x01234567*0x00001111*5000*100*0x09010011*
1
1*20*128*8*8*8*0x01234567*0x00001111*5000*100*0x09010012*
1
1*20*256*8*8*8*0x01234567*0x00001111*5000*100*0x09010013*
1
1*20*512*8*8*16*0x01234567*0x00001111*5000*100*0x09010014*
1
1*20*1024*8*8*16*0x01234567*0x00001111*5000*100*0x09010015*
1
1*20*2048*8*8*16*0x01234567*0x00001111*5000*100*0x09010016*
1
1*20*4096*8*16*32*0x01234567*0x00001111*5000*100*0x09010017*
1
1*20*8192*8*16*32*0x01234567*0x00001111*5000*100*0x09010018*
1
2*60*128*16*13*1*0x01234567*0x10000001*5000*2000*0x09030001*
1
2*60*256*16*13*1*0x01234567*0x10000001*5000*2000*0x09030002*
1
2*60*512*16*13*1*0x01234567*0x10000001*5000*2000*0x09030003*
1
2*60*128*16*13*1*0x23456701*0x10000001*5000*2000*0x09030004*
1
2*60*256*16*13*1*0x23456701*0x10000001*5000*2000*0x09030005*
1
2*60*512*16*13*1*0x23456701*0x10000001*5000*2000*0x09030006*
1
2*60*128*16*13*1*0x01234567*0x10000001*5000*2000*0x09030007*
1
2*60*256*16*13*1*0x01234567*0x10000001*5000*2000*0x09030008*
1
2*60*512*16*13*1*0x01234567*0x10000001*5000*2000*0x09030009*
1
2*60*128*16*13*1*0x23456701*0x10000001*5000*2000*0x09030010*
1
2*60*256*16*13*1*0x23456701*0x10000001*5000*2000*0x09030011*
1
2*60*512*16*13*1*0x23456701*0x10000001*5000*2000*0x09030012*
1
2*60*128*16*6*1*0x01234567*0x10000001*5000*2000*0x09030013*
1
2*60*256*16*8*1*0x01234567*0x10000001*5000*2000*0x09030014*
1
2*60*512*16*8*1*0x01234567*0x10000001*5000*2000*0x09030015*
1
2*60*128*16*6*1*0x01234567*0x10000001*5000*2000*0x09030016*
1
2*60*256*16*8*1*0x01234567*0x10000001*5000*2000*0x09030017*
1
2*60*512*16*8*1*0x01234567*0x10000001*5000*2000*0x09030018*
1
2*60*128*16*6*1*0x01234567*0x10000001*5000*2000*0x09030019*
1
2*60*256*16*8*1*0x01234567*0x10000001*5000*2000*0x09030020*
1
2*60*512*16*8*1*0x01234567*0x10000001*5000*2000*0x09030021*
1
2*60*128*16*6*1*0x23456701*0x10000001*5000*2000*0x09030022*
1
2*60*256*16*8*1*0x23456701*0x10000001*5000*2000*0x09030023*
1
2*60*512*16*8*1*0x23456701*0x10000001*5000*2000*0x09030024*
1
2*60*128*16*6*1*0x23456701*0x10000001*5000*2000*0x09030025*
1
2*60*256*16*8*1*0x23456701*0x10000001*5000*2000*0x09030026*
1
2*60*512*16*8*1*0x23456701*0x10000001*5000*2000*0x09030027*
1
2*60*128*16*6*1*0x01234567*0x10000001*5000*2000*0x09030028*
1
2*60*256*16*8*1*0x01234567*0x10000001*5000*2000*0x09030029*
1
2*60*512*16*8*1*0x01234567*0x10000001*5000*2000*0x09030030*
1
2*60*1024*16*10*1*0x01234567*0x10000001*5000*2000*0x09030031*
1
2*60*2048*16*10*1*0x01234567*0x10000001*5000*2000*0x09030032*
1
1*20*256*8*8*4*0x01234567*0x00001111*5000*100*0x0B010001*
1
1*20*512*8*8*16*0x01234567*0x00001111*5000*100*0x0B010002*
1
1*20*1024*8*8*16*0x01234567*0x00001111*5000*100*0x0B010003*
1
1*20*2048*8*8*16*0x01234567*0x00001111*5000*100*0x0B010004*
1
2*60*128*16*6*1*0x23456701*0x10000111*5000*1000*0x0C030001*
1
2*60*256*16*8*1*0x23456701*0x10000111*5000*1000*0x0C030002*
1
2*60*512*16*8*1*0x23456701*0x10000111*5000*1000*0x0C030003*
1
2*60*1024*16*10*1*0x23456701*0x10000111*5000*1000*0x0C030004*
1
2*60*128*16*6*1*0x01234567*0x10000111*5000*1000*0x0C030005*
1
2*60*256*16*8*1*0x01234567*0x10000111*5000*1000*0x0C030006*
1
2*60*512*16*8*1*0x01234567*0x10000111*5000*1000*0x0C030007*
1
2*60*1024*16*10*1*0x01234567*0x10000111*5000*1000*0x0C030008*
1
2*60*2048*16*10*1*0x23456701*0x10000111*5000*1000*0x0C030009*
1
2*60*2048*16*10*1*0x01234567*0x10000111*5000*1000*0x0C030010*
1
2*60*4096*16*11*1*0x01234567*0x10000111*5000*1000*0x0C030011*
1
2*60*8192*16*12*1*0x01234567*0x10000111*5000*1000*0x0C030012*
1
2*60*128*16*6*1*0x01234567*0x10000111*5000*1000*0x0C030013*
1
2*60*256*16*8*1*0x01234567*0x10000111*5000*1000*0x0C030014*
1
2*60*512*16*8*1*0x01234567*0x10000111*5000*1000*0x0C030015*
1
2*60*128*16*6*1*0x01234567*0x10000111*5000*1000*0x0C030016*
1
2*60*256*16*8*1*0x01234567*0x10000111*5000*1000*0x0C030017*
1
2*60*512*16*8*1*0x01234567*0x10000111*5000*1000*0x0C030018*
1
2*60*1024*16*10*1*0x01234567*0x10000111*5000*1000*0x0C030019*
1
2*60*512*16*8*1*0x01234567*0x10000111*5000*1000*0x0D030001*
1
2*60*32*16*6*1*0x01234567*0x10000111*5000*250*0x0E030001*
1
2*60*32*16*6*1*0x01234567*0x10000111*5000*250*0x0E030002*
1
2*60*32*16*6*1*0x01234567*0x10000111*5000*250*0x0E030003*
1
2*60*128*16*6*1*0x01234567*0x10000111*5000*250*0x0E030004*
1
2*60*128*16*6*1*0x01234567*0x10000111*5000*250*0x0E030005*
1
2*60*256*16*8*1*0x01234567*0x10000111*5000*250*0x0E030006*
1
2*60*512*16*8*1*0x01234567*0x10000111*5000*250*0x0E030007*
1
2*60*128*16*8*1*0x01234567*0x10000111*5000*250*0x0F030001*
1
2*60*256*16*8*1*0x01234567*0x10000111*5000*250*0x0F030002*
0
0
0
0
0
0
0
0
0
0
0
0
0
0
0
0
0
0
0
0
0
0
0
0
0
0
0
0
0
0
0
0
0
0
0
0
0
0
0
0
0
0
0
0
0
0
0
0
0
0
0
0
0
0
0
0
0
0
0
0
0
0
0
0
0
0
0
0
0
0
0
0
0
0
0
0
0
0
0
0
